,predicted_mean
28,0.15202303029645106
29,0.2714896465968302
30,0.3152768279003679
31,0.21357988462201732
32,0.1921674363542503
33,0.11769164733267337
34,0.24118314753496492
35,0.37416699875132753
36,0.2998632752379393
37,0.07700913871504239
38,0.1802701654491716
39,0.11739019473537976
40,0.2430521986287211
41,0.10634969466738917
42,0.11240218182596609
43,0.19118537919614392
44,0.2502305275013116
45,0.2316742039326412
46,0.2867728960617587
47,0.12414452707259417
48,0.14129727114779092
49,0.16597485442858095
50,0.10110029394519035
51,0.08332505797562482
52,0.34055250679460625
53,0.3659654188072966
54,0.35293539959372
55,0.2598411219758454
56,0.11823795012484495
57,0.15817656268112032
58,0.3036997568270354
59,0.3679385916359193
60,0.3076198090049758
61,0.3071192126492903
62,0.18516362795153768
63,0.09688774095027629
64,0.06282790713487502
65,0.12385687028085576
66,0.12573663254824485
67,0.38305427223559274
68,0.3417777652824497
69,0.30550409859994465
70,0.33765338787546795
71,0.23812353260528263
72,0.1535980068455382
73,0.2207111554437719
74,0.1790888925648513
75,0.3551417799370409
76,0.3701958097451333
77,0.38921061813750896
78,0.37423772727090937
79,0.3205533551401052
80,0.327050778183568
81,0.18472737491915617
82,0.19321300073981423
83,0.228502787552128
84,0.19747688219593224
85,0.30959854754255406
86,0.26837831493886466
87,0.34129914439685105
88,0.3517603424062872
89,0.37645960108875576
90,0.3401484924570458
91,0.3331129404150877
92,0.37953550113930373
93,0.38582607593066
94,0.35898314949704213
95,0.31897175602914557
96,0.2830528311987112
97,0.27304294414146923
98,0.2845753295531149
99,0.28405906928834135
100,0.27884623295798455
101,0.3214292537834227
102,0.31425048553730484
103,0.30473065709862096
104,0.27047283996369703
105,0.2635487533271701
106,0.27801310559841236
107,0.30111615660953145
108,0.32216254492845353
109,0.3279560089460748
110,0.3210029927235932
111,0.3212711032814401
112,0.3243579099805317
113,0.2989778114018755
114,0.3032505187125555
115,0.3089203120780286
116,0.32933009219920845
117,0.33345497076271213
118,0.32483687683456586
119,0.31107197066976383
120,0.29853248262238613
121,0.2950807117583695
122,0.29922330456123
123,0.2990635582535772
124,0.2972244365933967
125,0.3123458921061315
126,0.30980021338823843
127,0.3064221514712737
128,0.294262008987956
129,0.29180440720791667
130,0.2969390655617424
131,0.3051401934873445
132,0.3126112175881059
133,0.3146677818749498
134,0.3121996260289989
135,0.3122948028416015
136,0.31339055110543673
137,0.304381191370979
138,0.3058979061684661
139,0.30791055468554007
140,0.31515556479446677
141,0.3166198033726286
142,0.3135605751003793
143,0.30867434495896984
144,0.30422311050933193
145,0.30299780997783404
146,0.3044683366660623
147,0.3044116303428929
148,0.3037587837780403
149,0.3091265582462152
150,0.30822289991694274
151,0.30702376439102513
152,0.3027071890260048
153,0.30183479601619817
154,0.30365748352076005
155,0.30656869832089406
156,0.3092207427874108
157,0.3099507765636913
158,0.309074637099346
159,0.30910842271371425
160,0.30949738854766234
161,0.30629926974783345
162,0.30683766917362953
163,0.30755211384557263
164,0.3101239284602883
165,0.3106437000159011
166,0.30955774321776935
167,0.3078232421060238
168,0.3062431546197414
169,0.30580820066288733
170,0.30633020435525693
171,0.3063100748939475
172,0.30607832913908845
173,0.3079837675881999
174,0.3076629893335127
175,0.30723732336145565
176,0.3057050368025173
177,0.30539535702862275
178,0.30604236984044975
179,0.30707578520592127
180,0.30801720096867635
181,0.3082763464366393
182,0.30796533675617577
183,0.3079773298846177
184,0.3081154039523323
185,0.30698014416037384
186,0.30717126377111265
187,0.30742487545985897
188,0.3083378114410408
189,0.30852231857946305
190,0.3081368284942327
191,0.30752111985596153
192,0.30696022455993655
193,0.30680582574942455
194,0.3069911252458763
195,0.306983979742695
196,0.3069017152447462
197,0.30757810276901315
198,0.30746423374866894
199,0.30731313196254795
200,0.3067692049138673
201,0.30665927560301615
202,0.3068889505075846
203,0.3072557895733737
204,0.3075899708623955
205,0.30768196163836736
